  1  1  1
  1
  2 48  9
  1  2  3  4  5  6  7  8  9
  4  6  5  1  3  2  8  7  9
  3  7  1  5  4  8  2  6  9
  5  8  4  3  1  7  6  2  9
  2  1  7  6  8  4  3  5  9
  6  4  8  2  7  1  5  3  9
  7  3  2  8  6  5  1  4  9
  8  5  6  7  2  3  4  1  9
  1  3  4  2  6  7  5  8  9
  4  5  1  6  2  8  3  7  9
  3  1  5  7  8  2  4  6  9
  5  4  3  8  7  6  1  2  9
  2  7  6  1  4  3  8  5  9
  6  8  2  4  1  5  7  3  9
  7  2  8  3  5  1  6  4  9
  8  6  7  5  3  4  2  1  9
  1  4  2  3  7  5  6  8  9
  4  1  6  5  8  3  2  7  9
  3  5  7  1  2  4  8  6  9
  5  3  8  4  6  1  7  2  9
  2  6  1  7  3  8  4  5  9
  6  2  4  8  5  7  1  3  9
  7  8  3  2  1  6  5  4  9
  8  7  5  6  4  2  3  1  9
  1  2  4  3  5  7  6  8  9
  4  6  1  5  3  8  2  7  9
  3  7  5  1  4  2  8  6  9
  5  8  3  4  1  6  7  2  9
  2  1  6  7  8  3  4  5  9
  6  4  2  8  7  5  1  3  9
  7  3  8  2  6  1  5  4  9
  8  5  7  6  2  4  3  1  9
  1  3  2  4  6  5  7  8  9
  4  5  6  1  2  3  8  7  9
  3  1  7  5  8  4  2  6  9
  5  4  8  3  7  1  6  2  9
  2  7  1  6  4  8  3  5  9
  6  8  4  2  1  7  5  3  9
  7  2  3  8  5  6  1  4  9
  8  6  5  7  3  2  4  1  9
  1  4  3  2  7  6  5  8  9
  4  1  5  6  8  2  3  7  9
  3  5  1  7  2  8  4  6  9
  5  3  4  8  6  7  1  2  9
  2  6  7  1  3  4  8  5  9
  6  2  8  4  5  1  7  3  9
  7  8  2  3  1  5  6  4  9
  8  7  6  5  4  3  2  1  9
  3  8  5
  1  2  3  4  5
  2  1  4  3  5
  3  4  1  2  5
  4  3  2  1  5
  1  3  2  4  5
  2  4  1  3  5
  3  1  4  2  5
  4  2  3  1  5
  4  1  1
  1
  5  2  3
  1  2  3
  2  1  3
  6  2  3
  1  2  3
  2  1  3
  7  1  1
  1
  8  1  2
  1  2
  9  1  1
  1
 10 16 15
  1  2  3  4  5  6  7  8  9 10 11 12 13 14 15
  3  6  1  7  8  2  4  5 11 12  9 10 13 14 15
  4  5  7  1  2  8  3  6 10  9 12 11 13 14 15
  7  8  4  3  6  5  1  2 12 11 10  9 13 14 15
  2  1  6  5  4  3  8  7  9 10 11 12 14 13 15
  6  3  2  8  7  1  5  4 11 12  9 10 14 13 15
  5  4  8  2  1  7  6  3 10  9 12 11 14 13 15
  8  7  5  6  3  4  2  1 12 11 10  9 14 13 15
  1  2  4  3  6  5  7  8  9 11 10 12 13 14 15
  3  6  7  1  2  8  4  5 11  9 12 10 13 14 15
  4  5  1  7  8  2  3  6 10 12  9 11 13 14 15
  7  8  3  4  5  6  1  2 12 10 11  9 13 14 15
  2  1  5  6  3  4  8  7  9 11 10 12 14 13 15
  6  3  8  2  1  7  5  4 11  9 12 10 14 13 15
  5  4  2  8  7  1  6  3 10 12  9 11 14 13 15
  8  7  6  5  4  3  2  1 12 10 11  9 14 13 15
 11  8  6
  1  2  3  4  5  6
  3  4  1  2  5  6
  2  1  4  3  5  6
  4  3  2  1  5  6
  1  3  2  4  5  6
  3  1  4  2  5  6
  2  4  1  3  5  6
  4  2  3  1  5  6
 12  4 10
  1  2  3  4  5  6  7  8  9 10
  3  4  1  2  6  5  8  7  9 10
  2  1  4  3  5  6  7  8  9 10
  4  3  2  1  6  5  8  7  9 10
 13  4  7
  1  2  3  4  5  6  7
  4  3  2  1  6  5  7
  3  4  1  2  5  6  7
  2  1  4  3  6  5  7
 14  4  5
  1  2  3  4  5
  3  4  1  2  5
  2  1  4  3  5
  4  3  2  1  5
 15  4  6
  1  2  3  4  5  6
  1  2  4  3  5  6
  2  1  4  3  5  6
  2  1  3  4  5  6
 16 48 21
  1  2  3  4  5  6  7  8  9 10 11 12 13 14 15 16 17 18 19 20 21
  2  1  5  6  3  4  8  7  9 10 11 12 15 16 13 14 18 17 20 19 21
  3  5  1  7  2  8  4  6 11 12  9 10 13 14 15 16 19 20 17 18 21
  5  3  2  8  1  7  6  4 11 12  9 10 15 16 13 14 20 19 18 17 21
  4  6  7  1  8  2  3  5 10  9 12 11 14 13 16 15 17 18 19 20 21
  6  4  8  2  7  1  5  3 10  9 12 11 16 15 14 13 18 17 20 19 21
  7  8  4  3  6  5  1  2 12 11 10  9 14 13 16 15 19 20 17 18 21
  8  7  6  5  4  3  2  1 12 11 10  9 16 15 14 13 20 19 18 17 21
  1  4  2  3  6  7  5  8 17 19 18 20  9 11 10 12 13 14 15 16 21
  2  6  1  5  4  8  3  7 18 20 17 19  9 11 10 12 15 16 13 14 21
  3  7  5  1  8  4  2  6 19 17 20 18 11  9 12 10 13 14 15 16 21
  5  8  3  2  7  6  1  4 20 18 19 17 11  9 12 10 15 16 13 14 21
  4  1  6  7  2  3  8  5 17 19 18 20 10 12  9 11 14 13 16 15 21
  6  2  4  8  1  5  7  3 18 20 17 19 10 12  9 11 16 15 14 13 21
  7  3  8  4  5  1  6  2 19 17 20 18 12 10 11  9 14 13 16 15 21
  8  5  7  6  3  2  4  1 20 18 19 17 12 10 11  9 16 15 14 13 21
  1  3  4  2  7  5  6  8 13 15 14 16 17 18 19 20  9 11 10 12 21
  2  5  6  1  8  3  4  7 15 13 16 14 18 17 20 19  9 11 10 12 21
  3  1  7  5  4  2  8  6 13 15 14 16 19 20 17 18 11  9 12 10 21
  5  2  8  3  6  1  7  4 15 13 16 14 20 19 18 17 11  9 12 10 21
  4  7  1  6  3  8  2  5 14 16 13 15 17 18 19 20 10 12  9 11 21
  6  8  2  4  5  7  1  3 16 14 15 13 18 17 20 19 10 12  9 11 21
  7  4  3  8  1  6  5  2 14 16 13 15 19 20 17 18 12 10 11  9 21
  8  6  5  7  2  4  3  1 16 14 15 13 20 19 18 17 12 10 11  9 21
  1  3  2  4  5  7  6  8 13 14 15 16  9 10 11 12 17 19 18 20 21
  2  5  1  6  3  8  4  7 15 16 13 14  9 10 11 12 18 20 17 19 21
  3  1  5  7  2  4  8  6 13 14 15 16 11 12  9 10 19 17 20 18 21
  5  2  3  8  1  6  7  4 15 16 13 14 11 12  9 10 20 18 19 17 21
  4  7  6  1  8  3  2  5 14 13 16 15 10  9 12 11 17 19 18 20 21
  6  8  4  2  7  5  1  3 16 15 14 13 10  9 12 11 18 20 17 19 21
  7  4  8  3  6  1  5  2 14 13 16 15 12 11 10  9 19 17 20 18 21
  8  6  7  5  4  2  3  1 16 15 14 13 12 11 10  9 20 18 19 17 21
  1  2  4  3  6  5  7  8  9 11 10 12 17 19 18 20 13 15 14 16 21
  2  1  6  5  4  3  8  7  9 11 10 12 18 20 17 19 15 13 16 14 21
  3  5  7  1  8  2  4  6 11  9 12 10 19 17 20 18 13 15 14 16 21
  5  3  8  2  7  1  6  4 11  9 12 10 20 18 19 17 15 13 16 14 21
  4  6  1  7  2  8  3  5 10 12  9 11 17 19 18 20 14 16 13 15 21
  6  4  2  8  1  7  5  3 10 12  9 11 18 20 17 19 16 14 15 13 21
  7  8  3  4  5  6  1  2 12 10 11  9 19 17 20 18 14 16 13 15 21
  8  7  5  6  3  4  2  1 12 10 11  9 20 18 19 17 16 14 15 13 21
  1  4  3  2  7  6  5  8 17 18 19 20 13 15 14 16  9 10 11 12 21
  2  6  5  1  8  4  3  7 18 17 20 19 15 13 16 14  9 10 11 12 21
  3  7  1  5  4  8  2  6 19 20 17 18 13 15 14 16 11 12  9 10 21
  5  8  2  3  6  7  1  4 20 19 18 17 15 13 16 14 11 12  9 10 21
  4  1  7  6  3  2  8  5 17 18 19 20 14 16 13 15 10  9 12 11 21
  6  2  8  4  5  1  7  3 18 17 20 19 16 14 15 13 10  9 12 11 21
  7  3  4  8  1  5  6  2 19 20 17 18 14 16 13 15 12 11 10  9 21
  8  5  6  7  2  3  4  1 20 19 18 17 16 14 15 13 12 11 10  9 21
 17  8  5
  1  2  3  4  5
  1  2  4  3  5
  2  1  3  4  5
  2  1  4  3  5
  3  4  1  2  5
  4  3  1  2  5
  3  4  2  1  5
  4  3  2  1  5
 18  2  3
  1  2  3
  2  1  3
 19  1  1
  1
 20  2  3
  1  2  3
  2  1  3
 21  8 12
  1  2  3  4  5  6  7  8  9 10 11 12
  2  1  4  3  5  6  7  8 10  9 11 12
  4  3  2  1  6  5  8  7  9 10 11 12
  3  4  1  2  6  5  8  7 10  9 11 12
  1  2  3  4  7  8  5  6  9 10 11 12
  2  1  4  3  7  8  5  6 10  9 11 12
  4  3  2  1  8  7  6  5  9 10 11 12
  3  4  1  2  8  7  6  5 10  9 11 12
 22 48 11
  1  2  3  4  5  6  7  8  9 10 11
  3  4  2  1 10  9  8  7  6  5 11
  2  1  4  3  5  6  7  8  9 10 11
  4  3  1  2 10  9  8  7  6  5 11
  1  2  3  4  7  5  6  9 10  8 11
  3  4  2  1  8 10  9  6  5  7 11
  2  1  4  3  7  5  6  9 10  8 11
  4  3  1  2  8 10  9  6  5  7 11
  1  2  3  4  6  7  5 10  8  9 11
  3  4  2  1  9  8 10  5  7  6 11
  2  1  4  3  6  7  5 10  8  9 11
  4  3  1  2  9  8 10  5  7  6 11
  1  2  4  3  6  5  7  8 10  9 11
  3  4  1  2  9 10  8  7  5  6 11
  2  1  3  4  6  5  7  8 10  9 11
  4  3  2  1  9 10  8  7  5  6 11
  1  2  4  3  5  7  6  9  8 10 11
  3  4  1  2 10  8  9  6  7  5 11
  2  1  3  4  5  7  6  9  8 10 11
  4  3  2  1 10  8  9  6  7  5 11
  1  2  4  3  7  6  5 10  9  8 11
  3  4  1  2  8  9 10  5  6  7 11
  2  1  3  4  7  6  5 10  9  8 11
  4  3  2  1  8  9 10  5  6  7 11
  1  2  4  3  5  6  7  8  9 10 11
  3  4  1  2 10  9  8  7  6  5 11
  2  1  3  4  5  6  7  8  9 10 11
  4  3  2  1 10  9  8  7  6  5 11
  1  2  4  3  7  5  6  9 10  8 11
  3  4  1  2  8 10  9  6  5  7 11
  2  1  3  4  7  5  6  9 10  8 11
  4  3  2  1  8 10  9  6  5  7 11
  1  2  4  3  6  7  5 10  8  9 11
  3  4  1  2  9  8 10  5  7  6 11
  2  1  3  4  6  7  5 10  8  9 11
  4  3  2  1  9  8 10  5  7  6 11
  1  2  3  4  6  5  7  8 10  9 11
  3  4  2  1  9 10  8  7  5  6 11
  2  1  4  3  6  5  7  8 10  9 11
  4  3  1  2  9 10  8  7  5  6 11
  1  2  3  4  5  7  6  9  8 10 11
  3  4  2  1 10  8  9  6  7  5 11
  2  1  4  3  5  7  6  9  8 10 11
  4  3  1  2 10  8  9  6  7  5 11
  1  2  3  4  7  6  5 10  9  8 11
  3  4  2  1  8  9 10  5  6  7 11
  2  1  4  3  7  6  5 10  9  8 11
  4  3  1  2  8  9 10  5  6  7 11
 23 24 11
  1  2  3  4  5  6  7  8  9 10 11
  3  4  1  2  6  5  8  7  9 10 11
  2  1  4  3  5  6  8  7 10  9 11
  4  3  2  1  6  5  7  8 10  9 11
  1  3  4  2  9 10  5  6  7  8 11
  3  1  2  4  9 10  6  5  8  7 11
  4  2  1  3 10  9  6  5  7  8 11
  2  4  3  1 10  9  5  6  8  7 11
  1  4  2  3  7  8  9 10  5  6 11
  3  2  4  1  8  7  9 10  6  5 11
  2  3  1  4  8  7 10  9  5  6 11
  4  1  3  2  7  8 10  9  6  5 11
  1  4  3  2  7  8  5  6  9 10 11
  3  2  1  4  8  7  6  5  9 10 11
  2  3  4  1  8  7  5  6 10  9 11
  4  1  2  3  7  8  6  5 10  9 11
  1  2  4  3  5  6  9 10  7  8 11
  3  4  2  1  6  5  9 10  8  7 11
  4  3  1  2  6  5 10  9  7  8 11
  2  1  3  4  5  6 10  9  8  7 11
  1  3  2  4  9 10  7  8  5  6 11
  3  1  4  2  9 10  8  7  6  5 11
  2  4  1  3 10  9  8  7  5  6 11
  4  2  3  1 10  9  7  8  6  5 11
 24  6  4
  1  2  3  4
  3  1  2  4
  2  3  1  4
  2  1  3  4
  1  3  2  4
  3  2  1  4
 25  8  9
  1  2  3  4  5  6  7  8  9
  3  4  1  2  5  6  8  7  9
  2  1  4  3  6  5  7  8  9
  4  3  2  1  6  5  8  7  9
  1  3  2  4  7  8  5  6  9
  3  1  4  2  8  7  5  6  9
  2  4  1  3  7  8  6  5  9
  4  2  3  1  8  7  6  5  9
 26  2  3
  1  2  3
  2  1  3
 27  8  5
  1  2  3  4  5
  3  4  1  2  5
  2  1  4  3  5
  4  3  2  1  5
  1  3  2  4  5
  3  1  4  2  5
  2  4  1  3  5
  4  2  3  1  5
 28  2  4
  1  2  3  4
  2  1  3  4
 29  1  1
  1
 30  2  3
  1  2  3
  2  1  3
 31  1  2
  1  2
 32  2  3
  1  2  3
  2  1  3
 33  1  1
  1
 34  2  3
  1  2  3
  2  1  3
 35  4  6
  1  2  3  4  5  6
  2  1  3  4  5  6
  1  2  3  5  4  6
  2  1  3  5  4  6
 36  1  2
  1  2
 37  2  4
  1  2  3  4
  2  1  3  4
 38  2  6
  1  2  3  4  5  6
  2  1  3  5  4  6
 39  2  4
  1  2  3  4
  2  1  3  4
 40  1  3
  1  2  3
 41  1  2
  1  2
 42  2  5
  1  2  3  4  5
  1  2  4  3  5
 43  1  2
  1  2
 44  4  5
  1  2  3  4  5
  2  1  3  4  5
  1  2  4  3  5
  2  1  4  3  5
 45  2  3
  1  2  3
  2  1  3
 46  1  3
  1  2  3
 47 48 27
  1  2  3  4  5  6  7  8  9 10 11 12 13 14 15 16 17 18 19 20 21 22 23 24 25 26 27
  2  1  4  3  6  5  8  7  9 10 11 12 15 16 13 14 19 20 17 18 22 21 23 24 25 26 27
  5  6  7  8  1  2  3  4 11 12  9 10 13 14 15 16 18 17 20 19 21 22 24 23 25 26 27
  6  5  8  7  2  1  4  3 11 12  9 10 15 16 13 14 20 19 18 17 22 21 24 23 25 26 27
  3  4  1  2  7  8  5  6 10  9 12 11 14 13 16 15 17 18 19 20 21 22 23 24 26 25 27
  4  3  2  1  8  7  6  5 10  9 12 11 16 15 14 13 19 20 17 18 22 21 23 24 26 25 27
  7  8  5  6  3  4  1  2 12 11 10  9 14 13 16 15 18 17 20 19 21 22 24 23 26 25 27
  8  7  6  5  4  3  2  1 12 11 10  9 16 15 14 13 20 19 18 17 22 21 24 23 26 25 27
  1  3  5  7  2  4  6  8 17 18 19 20  9 11 10 12 13 15 14 16 25 26 21 22 23 24 27
  2  4  6  8  1  3  5  7 19 20 17 18  9 11 10 12 15 13 16 14 25 26 22 21 23 24 27
  5  7  1  3  6  8  2  4 18 17 20 19 11  9 12 10 13 15 14 16 25 26 21 22 24 23 27
  6  8  2  4  5  7  1  3 20 19 18 17 11  9 12 10 15 13 16 14 25 26 22 21 24 23 27
  3  1  7  5  4  2  8  6 17 18 19 20 10 12  9 11 14 16 13 15 26 25 21 22 23 24 27
  4  2  8  6  3  1  7  5 19 20 17 18 10 12  9 11 16 14 15 13 26 25 22 21 23 24 27
  7  5  3  1  8  6  4  2 18 17 20 19 12 10 11  9 14 16 13 15 26 25 21 22 24 23 27
  8  6  4  2  7  5  3  1 20 19 18 17 12 10 11  9 16 14 15 13 26 25 22 21 24 23 27
  1  5  2  6  3  7  4  8 13 15 14 16 17 19 18 20  9 10 11 12 23 24 25 26 21 22 27
  2  6  1  5  4  8  3  7 15 13 16 14 19 17 20 18  9 10 11 12 23 24 25 26 22 21 27
  5  1  6  2  7  3  8  4 13 15 14 16 18 20 17 19 11 12  9 10 24 23 25 26 21 22 27
  6  2  5  1  8  4  7  3 15 13 16 14 20 18 19 17 11 12  9 10 24 23 25 26 22 21 27
  3  7  4  8  1  5  2  6 14 16 13 15 17 19 18 20 10  9 12 11 23 24 26 25 21 22 27
  4  8  3  7  2  6  1  5 16 14 15 13 19 17 20 18 10  9 12 11 23 24 26 25 22 21 27
  7  3  8  4  5  1  6  2 14 16 13 15 18 20 17 19 12 11 10  9 24 23 26 25 21 22 27
  8  4  7  3  6  2  5  1 16 14 15 13 20 18 19 17 12 11 10  9 24 23 26 25 22 21 27
  1  5  3  7  2  6  4  8 13 14 15 16  9 10 11 12 17 19 18 20 23 24 21 22 25 26 27
  2  6  4  8  1  5  3  7 15 16 13 14  9 10 11 12 19 17 20 18 23 24 22 21 25 26 27
  5  1  7  3  6  2  8  4 13 14 15 16 11 12  9 10 18 20 17 19 24 23 21 22 25 26 27
  6  2  8  4  5  1  7  3 15 16 13 14 11 12  9 10 20 18 19 17 24 23 22 21 25 26 27
  3  7  1  5  4  8  2  6 14 13 16 15 10  9 12 11 17 19 18 20 23 24 21 22 26 25 27
  4  8  2  6  3  7  1  5 16 15 14 13 10  9 12 11 19 17 20 18 23 24 22 21 26 25 27
  7  3  5  1  8  4  6  2 14 13 16 15 12 11 10  9 18 20 17 19 24 23 21 22 26 25 27
  8  4  6  2  7  3  5  1 16 15 14 13 12 11 10  9 20 18 19 17 24 23 22 21 26 25 27
  1  2  5  6  3  4  7  8  9 11 10 12 17 18 19 20 13 14 15 16 21 22 25 26 23 24 27
  2  1  6  5  4  3  8  7  9 11 10 12 19 20 17 18 15 16 13 14 22 21 25 26 23 24 27
  5  6  1  2  7  8  3  4 11  9 12 10 18 17 20 19 13 14 15 16 21 22 25 26 24 23 27
  6  5  2  1  8  7  4  3 11  9 12 10 20 19 18 17 15 16 13 14 22 21 25 26 24 23 27
  3  4  7  8  1  2  5  6 10 12  9 11 17 18 19 20 14 13 16 15 21 22 26 25 23 24 27
  4  3  8  7  2  1  6  5 10 12  9 11 19 20 17 18 16 15 14 13 22 21 26 25 23 24 27
  7  8  3  4  5  6  1  2 12 10 11  9 18 17 20 19 14 13 16 15 21 22 26 25 24 23 27
  8  7  4  3  6  5  2  1 12 10 11  9 20 19 18 17 16 15 14 13 22 21 26 25 24 23 27
  1  3  2  4  5  7  6  8 17 19 18 20 13 15 14 16  9 11 10 12 25 26 23 24 21 22 27
  2  4  1  3  6  8  5  7 19 17 20 18 15 13 16 14  9 11 10 12 25 26 23 24 22 21 27
  5  7  6  8  1  3  2  4 18 20 17 19 13 15 14 16 11  9 12 10 25 26 24 23 21 22 27
  6  8  5  7  2  4  1  3 20 18 19 17 15 13 16 14 11  9 12 10 25 26 24 23 22 21 27
  3  1  4  2  7  5  8  6 17 19 18 20 14 16 13 15 10 12  9 11 26 25 23 24 21 22 27
  4  2  3  1  8  6  7  5 19 17 20 18 16 14 15 13 10 12  9 11 26 25 23 24 22 21 27
  7  5  8  6  3  1  4  2 18 20 17 19 14 16 13 15 12 10 11  9 26 25 24 23 21 22 27
  8  6  7  5  4  2  3  1 20 18 19 17 16 14 15 13 12 10 11  9 26 25 24 23 22 21 27
 48 48 13
  1  2  3  4  5  6  7  8  9 10 11 12 13
  2  1  4  3  6  5  7  8 10  9 12 11 13
  4  3  2  1  6  5  8  7  9 10 12 11 13
  3  4  1  2  5  6  8  7 10  9 11 12 13
  3  4  1  2  6  5  8  7 10  9 11 12 13
  4  3  2  1  5  6  8  7  9 10 12 11 13
  2  1  4  3  5  6  7  8 10  9 12 11 13
  1  2  3  4  6  5  7  8  9 10 11 12 13
  1  3  4  2  5  6 11 12  7  8  9 10 13
  2  4  3  1  6  5 12 11  7  8 10  9 13
  4  2  1  3  6  5 12 11  8  7  9 10 13
  3  1  2  4  5  6 11 12  8  7 10  9 13
  3  1  2  4  6  5 11 12  8  7 10  9 13
  4  2  1  3  5  6 12 11  8  7  9 10 13
  2  4  3  1  5  6 12 11  7  8 10  9 13
  1  3  4  2  6  5 11 12  7  8  9 10 13
  1  4  2  3  5  6  9 10 11 12  7  8 13
  2  3  1  4  6  5 10  9 12 11  7  8 13
  4  1  3  2  6  5  9 10 12 11  8  7 13
  3  2  4  1  5  6 10  9 11 12  8  7 13
  3  2  4  1  6  5 10  9 11 12  8  7 13
  4  1  3  2  5  6  9 10 12 11  8  7 13
  2  3  1  4  5  6 10  9 12 11  7  8 13
  1  4  2  3  6  5  9 10 11 12  7  8 13
  1  4  3  2  6  5  9 10  7  8 11 12 13
  2  3  4  1  5  6 10  9  7  8 12 11 13
  4  1  2  3  5  6  9 10  8  7 12 11 13
  3  2  1  4  6  5 10  9  8  7 11 12 13
  3  2  1  4  5  6 10  9  8  7 11 12 13
  4  1  2  3  6  5  9 10  8  7 12 11 13
  2  3  4  1  6  5 10  9  7  8 12 11 13
  1  4  3  2  5  6  9 10  7  8 11 12 13
  1  2  4  3  6  5  7  8 11 12  9 10 13
  2  1  3  4  5  6  7  8 12 11 10  9 13
  4  3  1  2  5  6  8  7 12 11  9 10 13
  3  4  2  1  6  5  8  7 11 12 10  9 13
  3  4  2  1  5  6  8  7 11 12 10  9 13
  4  3  1  2  6  5  8  7 12 11  9 10 13
  2  1  3  4  6  5  7  8 12 11 10  9 13
  1  2  4  3  5  6  7  8 11 12  9 10 13
  1  3  2  4  6  5 11 12  9 10  7  8 13
  2  4  1  3  5  6 12 11 10  9  7  8 13
  4  2  3  1  5  6 12 11  9 10  8  7 13
  3  1  4  2  6  5 11 12 10  9  8  7 13
  3  1  4  2  5  6 11 12 10  9  8  7 13
  4  2  3  1  6  5 12 11  9 10  8  7 13
  2  4  1  3  6  5 12 11 10  9  7  8 13
  1  3  2  4  5  6 11 12  9 10  7  8 13
 49  8 18
  1  2  3  4  5  6  7  8  9 10 11 12 13 14 15 16 17 18
  4  3  2  1  6  5  8  7  9 10 12 11 16 15 14 13 17 18
  3  4  1  2  7  8  5  6 10  9 11 12 15 16 13 14 17 18
  2  1  4  3  8  7  6  5 10  9 12 11 14 13 16 15 17 18
  1  2  4  3  5  7  6  8 11 12  9 10 13 14 16 15 17 18
  4  3  1  2  6  8  5  7 12 11  9 10 16 15 13 14 17 18
  3  4  2  1  7  5  8  6 11 12 10  9 15 16 14 13 17 18
  2  1  3  4  8  6  7  5 12 11 10  9 14 13 15 16 17 18
 50  8 13
  1  2  3  4  5  6  7  8  9 10 11 12 13
  2  1  4  3  5  6  7  8  9 10 12 11 13
  4  3  2  1  6  5  8  7 10  9 11 12 13
  3  4  1  2  6  5  8  7 10  9 12 11 13
  1  2  3  4  5  6  9 10  7  8 11 12 13
  2  1  4  3  5  6  9 10  7  8 12 11 13
  4  3  2  1  6  5 10  9  8  7 11 12 13
  3  4  1  2  6  5 10  9  8  7 12 11 13
 51  4 12
  1  2  3  4  5  6  7  8  9 10 11 12
  2  1  4  3  6  5  7  8 10  9 11 12
  3  4  1  2  5  6  8  7  9 10 11 12
  4  3  2  1  6  5  8  7 10  9 11 12
 52  2  5
  1  2  3  4  5
  2  1  3  4  5
 53  4  9
  1  2  3  4  5  6  7  8  9
  2  1  4  3  5  6  7  8  9
  4  3  2  1  6  5  7  8  9
  3  4  1  2  6  5  7  8  9
 54  2  6
  1  2  3  4  5  6
  2  1  3  5  4  6
 55  4  9
  1  2  3  4  5  6  7  8  9
  3  4  1  2  6  5  7  8  9
  2  1  4  3  5  6  8  7  9
  4  3  2  1  6  5  8  7  9
 56  4  5
  1  2  3  4  5
  2  1  4  3  5
  2  1  3  4  5
  1  2  4  3  5
 57  2  5
  1  2  3  4  5
  2  1  3  4  5
 58  8  8
  1  2  3  4  5  6  7  8
  4  3  2  1  6  5  7  8
  3  4  1  2  6  5  7  8
  2  1  4  3  5  6  7  8
  1  2  4  3  5  6  7  8
  4  3  1  2  6  5  7  8
  3  4  2  1  6  5  7  8
  2  1  3  4  5  6  7  8
 59  8  7
  1  2  3  4  5  6  7
  2  1  3  4  5  6  7
  1  2  4  3  5  6  7
  2  1  4  3  5  6  7
  1  2  3  4  6  5  7
  2  1  3  4  6  5  7
  1  2  4  3  6  5  7
  2  1  4  3  6  5  7
 60  2  4
  1  2  3  4
  2  1  3  4
 61  2  3
  1  2  3
  2  1  3
 62  2  4
  1  2  3  4
  2  1  3  4
 63  2  8
  1  2  3  4  5  6  7  8
  2  1  3  4  5  6  7  8
 64  2  7
  1  2  3  4  5  6  7
  2  1  3  4  5  6  7
 65  8 18
  1  2  3  4  5  6  7  8  9 10 11 12 13 14 15 16 17 18
  2  1  4  3  5  6  7  8  9 10 12 11 13 14 15 16 17 18
  4  3  2  1  6  5  8  7 10  9 11 12 13 14 15 17 16 18
  3  4  1  2  6  5  8  7 10  9 12 11 13 14 15 17 16 18
  1  2  3  4  5  6  9 10  7  8 11 12 13 15 14 16 17 18
  2  1  4  3  5  6  9 10  7  8 12 11 13 15 14 16 17 18
  4  3  2  1  6  5 10  9  8  7 11 12 13 15 14 17 16 18
  3  4  1  2  6  5 10  9  8  7 12 11 13 15 14 17 16 18
 66  8 13
  1  2  3  4  5  6  7  8  9 10 11 12 13
  2  1  4  3  6  5  7  8 10  9 11 12 13
  1  2  3  4  6  5  7  8  9 10 11 12 13
  2  1  4  3  5  6  7  8 10  9 11 12 13
  1  2  3  4  5  6  8  7  9 10 11 12 13
  2  1  4  3  6  5  8  7 10  9 11 12 13
  1  2  3  4  6  5  8  7  9 10 11 12 13
  2  1  4  3  5  6  8  7 10  9 11 12 13
 67  4 15
  1  2  3  4  5  6  7  8  9 10 11 12 13 14 15
  2  1  4  3  6  5  7  9  8 11 10 12 13 14 15
  1  2  5  6  3  4  7 10 11  8  9 12 14 13 15
  2  1  6  5  4  3  7 11 10  9  8 12 14 13 15
 68  4  9
  1  2  3  4  5  6  7  8  9
  2  1  3  4  5  6  7  8  9
  1  2  4  3  6  5  7  8  9
  2  1  4  3  6  5  7  8  9
 69 12 16
  1  2  3  4  5  6  7  8  9 10 11 12 13 14 15 16
  2  1  3  4  5  6  7  8  9 10 11 12 13 14 15 16
  1  2  5  3  4  6  9  7  8 11 12 10 15 13 14 16
  2  1  5  3  4  6  9  7  8 11 12 10 15 13 14 16
  1  2  4  5  3  6  8  9  7 12 10 11 14 15 13 16
  2  1  4  5  3  6  8  9  7 12 10 11 14 15 13 16
  1  2  4  3  5  6  8  7  9 10 12 11 14 13 15 16
  2  1  4  3  5  6  8  7  9 10 12 11 14 13 15 16
  1  2  3  5  4  6  7  9  8 11 10 12 13 15 14 16
  2  1  3  5  4  6  7  9  8 11 10 12 13 15 14 16
  1  2  5  4  3  6  9  8  7 12 11 10 15 14 13 16
  2  1  5  4  3  6  9  8  7 12 11 10 15 14 13 16
 70 12  8
  1  2  3  4  5  6  7  8
  2  1  4  3  5  6  7  8
  1  2  3  4  7  5  6  8
  2  1  4  3  7  5  6  8
  1  2  3  4  6  7  5  8
  2  1  4  3  6  7  5  8
  1  2  3  4  6  5  7  8
  2  1  4  3  6  5  7  8
  1  2  3  4  5  7  6  8
  2  1  4  3  5  7  6  8
  1  2  3  4  7  6  5  8
  2  1  4  3  7  6  5  8
 71 24 15
  1  2  3  4  5  6  7  8  9 10 11 12 13 14 15
  3  4  1  2  6  5  8  7  9 10 11 12 13 14 15
  2  1  4  3  5  6  8  7 10  9 11 12 13 14 15
  4  3  2  1  6  5  7  8 10  9 11 12 13 14 15
  1  3  4  2  9 10  5  6  7  8 11 14 12 13 15
  3  1  2  4  9 10  6  5  8  7 11 14 12 13 15
  4  2  1  3 10  9  6  5  7  8 11 14 12 13 15
  2  4  3  1 10  9  5  6  8  7 11 14 12 13 15
  1  4  2  3  7  8  9 10  5  6 11 13 14 12 15
  3  2  4  1  8  7  9 10  6  5 11 13 14 12 15
  2  3  1  4  8  7 10  9  5  6 11 13 14 12 15
  4  1  3  2  7  8 10  9  6  5 11 13 14 12 15
  1  4  3  2  7  8  5  6  9 10 11 13 12 14 15
  3  2  1  4  8  7  6  5  9 10 11 13 12 14 15
  2  3  4  1  8  7  5  6 10  9 11 13 12 14 15
  4  1  2  3  7  8  6  5 10  9 11 13 12 14 15
  1  2  4  3  5  6  9 10  7  8 11 12 14 13 15
  3  4  2  1  6  5  9 10  8  7 11 12 14 13 15
  4  3  1  2  6  5 10  9  7  8 11 12 14 13 15
  2  1  3  4  5  6 10  9  8  7 11 12 14 13 15
  1  3  2  4  9 10  7  8  5  6 11 14 13 12 15
  3  1  4  2  9 10  8  7  6  5 11 14 13 12 15
  2  4  1  3 10  9  8  7  5  6 11 14 13 12 15
  4  2  3  1 10  9  7  8  6  5 11 14 13 12 15
 72  4 11
  1  2  3  4  5  6  7  8  9 10 11
  2  1  4  3  5  6  7  9  8 10 11
  1  2  3  4  5  7  6  8  9 10 11
  2  1  4  3  5  7  6  9  8 10 11
 73  6  6
  1  2  3  4  5  6
  1  2  5  3  4  6
  1  2  4  5  3  6
  2  1  4  3  5  6
  2  1  3  5  4  6
  2  1  5  4  3  6
 74  8 10
  1  2  3  4  5  6  7  8  9 10
  2  1  4  3  5  6  7  8  9 10
  2  1  3  4  5  6  7  8  9 10
  1  2  4  3  5  6  7  8  9 10
  3  4  2  1  5  7  6  9  8 10
  4  3  1  2  5  7  6  9  8 10
  3  4  1  2  5  7  6  9  8 10
  4  3  2  1  5  7  6  9  8 10
 75  2  4
  1  2  3  4
  2  1  3  4
 76  1  1
  1
 77  2  4
  1  2  3  4
  2  1  3  4
 78  1  1
  1
 79  1  3
  1  2  3
 80  1  2
  1  2
 81  4  8
  1  2  3  4  5  6  7  8
  3  4  1  2  6  5  7  8
  2  1  4  3  5  6  7  8
  4  3  2  1  6  5  7  8
 82  8  7
  1  2  3  4  5  6  7
  3  4  2  1  6  5  7
  2  1  4  3  5  6  7
  4  3  1  2  6  5  7
  1  2  4  3  5  6  7
  4  3  2  1  6  5  7
  2  1  3  4  5  6  7
  3  4  1  2  6  5  7
 83  4 12
  1  2  3  4  5  6  7  8  9 10 11 12
  3  4  1  2  5  6  8  7  9 10 11 12
  2  1  4  3  6  5  7  8  9 11 10 12
  4  3  2  1  6  5  8  7  9 11 10 12
 84  4 11
  1  2  3  4  5  6  7  8  9 10 11
  2  1  4  3  6  5  8  7  9 10 11
  1  2  4  3  5  6  7  8  9 10 11
  2  1  3  4  6  5  8  7  9 10 11
 85  2  7
  1  2  3  4  5  6  7
  2  1  3  5  4  6  7
 86  4  7
  1  2  3  4  5  6  7
  2  1  3  4  5  6  7
  2  1  4  3  5  6  7
  1  2  4  3  5  6  7
 87  2  9
  1  2  3  4  5  6  7  8  9
  2  1  3  4  5  6  7  8  9
 88  2  6
  1  2  3  4  5  6
  2  1  4  3  5  6
 89  4 16
  1  2  3  4  5  6  7  8  9 10 11 12 13 14 15 16
  3  4  1  2  5  6  8  7  9 10 11 15 14 13 12 16
  2  1  4  3  6  5  7  8  9 11 10 14 15 12 13 16
  4  3  2  1  6  5  8  7  9 11 10 13 12 15 14 16
 90  2  7
  1  2  3  4  5  6  7
  2  1  3  4  6  5  7
 91  2  4
  1  2  3  4
  2  1  3  4
 92  1  2
  1  2
 93  8 16
  1  2  3  4  5  6  7  8  9 10 11 12 13 14 15 16
  2  1  4  3  6  5  8  7  9 13 12 11 10 14 15 16
  1  2  4  3  5  6  7  8  9 12 13 10 11 15 14 16
  2  1  3  4  6  5  8  7  9 11 10 13 12 15 14 16
  1  2  3  4  5  6  7  8  9 10 11 12 13 15 14 16
  2  1  4  3  6  5  8  7  9 13 12 11 10 15 14 16
  1  2  4  3  5  6  7  8  9 12 13 10 11 14 15 16
  2  1  3  4  6  5  8  7  9 11 10 13 12 14 15 16
 94  4  7
  1  2  3  4  5  6  7
  2  1  3  4  5  6  7
  2  1  3  4  6  5  7
  1  2  3  4  6  5  7
 95  2  4
  1  2  3  4
  2  1  3  4
 96  1  2
  1  2
 97  2 11
  1  2  3  4  5  6  7  8  9 10 11
  2  1  3  4  5  6  7  9  8 10 11
 98  4  7
  1  2  3  4  5  6  7
  2  1  3  4  5  6  7
  1  2  3  5  4  6  7
  2  1  3  5  4  6  7
 99  2  7
  1  2  3  4  5  6  7
  2  1  3  4  6  5  7
100  1  4
  1  2  3  4
101  2  5
  1  2  3  4  5
  2  1  3  4  5
102  1  4
  1  2  3  4
103  2  4
  1  2  3  4
  2  1  3  4
104  1  3
  1  2  3
105  2  6
  1  2  3  4  5  6
  2  1  3  5  4  6
106  1  3
  1  2  3
107  1  5
  1  2  3  4  5
108  1  4
  1  2  3  4
109  1  3
  1  2  3
110  1  2
  1  2
111  4 15
  1  2  3  4  5  6  7  8  9 10 11 12 13 14 15
  4  3  2  1  5  6  8  7 12 11 10  9 13 14 15
  3  4  1  2  6  5  7  8 11 12  9 10 13 14 15
  2  1  4  3  6  5  8  7 10  9 12 11 13 14 15
112  4 14
  1  2  3  4  5  6  7  8  9 10 11 12 13 14
  3  4  1  2  6  5  9 10  7  8 12 11 13 14
  1  4  3  2  5  6 10  9  8  7 11 12 13 14
  3  2  1  4  6  5  8  7 10  9 12 11 13 14
113  2  6
  1  2  3  4  5  6
  2  1  3  4  5  6
114  2  5
  1  2  3  4  5
  2  1  3  4  5
115  4 12
  1  2  3  4  5  6  7  8  9 10 11 12
  2  1  4  3  6  5  7  8  9 11 10 12
  4  3  2  1  5  6  7  9  8 10 11 12
  3  4  1  2  6  5  7  9  8 11 10 12
116  4 10
  1  2  3  4  5  6  7  8  9 10
  2  1  4  3  5  6  8  7  9 10
  1  2  3  4  6  5  7  8  9 10
  2  1  4  3  6  5  8  7  9 10
117  2  9
  1  2  3  4  5  6  7  8  9
  2  1  4  3  5  6  8  7  9
118  8  9
  1  2  3  4  5  6  7  8  9
  2  1  4  3  5  6  7  8  9
  2  1  4  3  5  7  6  8  9
  1  2  3  4  5  7  6  8  9
  1  2  4  3  5  6  7  8  9
  2  1  3  4  5  6  7  8  9
  2  1  3  4  5  7  6  8  9
  1  2  4  3  5  7  6  8  9
119  8 10
  1  2  3  4  5  6  7  8  9 10
  3  4  2  1  6  5  8  7  9 10
  2  1  4  3  5  6  7  8  9 10
  4  3  1  2  6  5  8  7  9 10
  1  2  4  3  5  6  7  8  9 10
  4  3  2  1  6  5  8  7  9 10
  2  1  3  4  5  6  7  8  9 10
  3  4  1  2  6  5  8  7  9 10
120  2  9
  1  2  3  4  5  6  7  8  9
  4  3  2  1  8  7  6  5  9
121  2 10
  1  2  3  4  5  6  7  8  9 10
  2  1  3  4  5  7  6  8  9 10
122  2  5
  1  2  3  4  5
  2  1  3  4  5
123  4 21
  1  2  3  4  5  6  7  8  9 10 11 12 13 14 15 16 17 18 19 20 21
  3  4  1  2  5  6  8  7  9 10 11 14 15 12 13 16 17 18 20 19 21
  2  1  4  3  6  5  7  8  9 11 10 13 12 15 14 17 16 18 19 20 21
  4  3  2  1  6  5  8  7  9 11 10 15 14 13 12 17 16 18 20 19 21
124  2 14
  1  2  3  4  5  6  7  8  9 10 11 12 13 14
  3  4  1  2  5  6  8  7  9 10 12 11 13 14
125  2 14
  1  2  3  4  5  6  7  8  9 10 11 12 13 14
  2  1  4  3  6  5  7  8 10  9 12 11 13 14
126  2 11
  1  2  3  4  5  6  7  8  9 10 11
  2  1  3  4  5  6  7  8 10  9 11
127  2 12
  1  2  3  4  5  6  7  8  9 10 11 12
  2  1  4  3  5  6  8  7 10  9 11 12
128  2  9
  1  2  3  4  5  6  7  8  9
  2  1  3  4  5  6  7  8  9
129  2 11
  1  2  3  4  5  6  7  8  9 10 11
  2  1  3  5  4  6  8  7  9 10 11
130  1  7
  1  2  3  4  5  6  7
131  4 18
  1  2  3  4  5  6  7  8  9 10 11 12 13 14 15 16 17 18
  2  1  4  3  6  5  8  7  9 13 12 11 10 14 16 15 17 18
  1  2  4  3  5  6  7  8  9 12 13 10 11 14 15 16 17 18
  2  1  3  4  6  5  8  7  9 11 10 13 12 14 16 15 17 18
132  4 16
  1  2  3  4  5  6  7  8  9 10 11 12 13 14 15 16
  3  4  1  2  5  6  8  7  9 10 11 13 12 14 15 16
  1  2  3  4  5  6  7  8 10  9 11 12 13 14 15 16
  3  4  1  2  5  6  8  7 10  9 11 13 12 14 15 16
133  2 11
  1  2  3  4  5  6  7  8  9 10 11
  1  2  3  4  5  6  7  9  8 10 11
134  4 14
  1  2  3  4  5  6  7  8  9 10 11 12 13 14
  2  1  3  4  5  6  7  8 10  9 11 12 13 14
  2  1  3  4  6  5  7  8 10  9 12 11 13 14
  1  2  3  4  6  5  7  8  9 10 12 11 13 14
135  1  9
  1  2  3  4  5  6  7  8  9
136  4 11
  1  2  3  4  5  6  7  8  9 10 11
  2  1  3  4  5  6  7  8  9 10 11
  2  1  3  4  5  7  6  8  9 10 11
  1  2  3  4  5  7  6  8  9 10 11
137  2  8
  1  2  3  4  5  6  7  8
  2  1  3  4  5  6  7  8
138  2 10
  1  2  3  4  5  6  7  8  9 10
  1  2  4  3  5  6  8  7  9 10
139  2 15
  1  2  3  4  5  6  7  8  9 10 11 12 13 14 15
  2  1  3  4  5  6  7  8 10  9 11 12 13 14 15
140  1 13
  1  2  3  4  5  6  7  8  9 10 11 12 13
141  2  9
  1  2  3  4  5  6  7  8  9
  2  1  4  3  5  6  7  8  9
142  1  7
  1  2  3  4  5  6  7
143  6  4
  1  2  3  4
  3  1  2  4
  2  3  1  4
  1  3  2  4
  3  2  1  4
  2  1  3  4
144  1  1
  1
145  1  1
  1
146  1  2
  1  2
147  2  7
  1  2  3  4  5  6  7
  2  1  3  4  6  5  7
148  2  6
  1  2  3  4  5  6
  2  1  3  5  4  6
149 12 12
  1  2  3  4  5  6  7  8  9 10 11 12
  5  6  1  2  3  4  9  7  8 10 11 12
  3  4  5  6  1  2  8  9  7 10 11 12
  2  1  4  3  6  5  7  8  9 11 10 12
  6  5  2  1  4  3  9  7  8 11 10 12
  4  3  6  5  2  1  8  9  7 11 10 12
  1  2  5  6  3  4  7  9  8 10 11 12
  5  6  3  4  1  2  9  8  7 10 11 12
  3  4  1  2  5  6  8  7  9 10 11 12
  2  1  6  5  4  3  7  9  8 11 10 12
  6  5  4  3  2  1  9  8  7 11 10 12
  4  3  2  1  6  5  8  7  9 11 10 12
150  2  7
  1  2  3  4  5  6  7
  2  1  3  4  6  5  7
151  2  3
  1  2  3
  2  1  3
152  2  3
  1  2  3
  2  1  3
153  2  3
  1  2  3
  2  1  3
154  2  3
  1  2  3
  2  1  3
155  2  6
  1  2  3  4  5  6
  2  1  3  5  4  6
156  6  5
  1  2  3  4  5
  3  1  2  4  5
  2  3  1  4  5
  1  3  2  4  5
  3  2  1  4  5
  2  1  3  4  5
157  1  4
  1  2  3  4
158  6  4
  1  2  3  4
  3  1  2  4
  2  3  1  4
  1  3  2  4
  3  2  1  4
  2  1  3  4
159  1  3
  1  2  3
160  1  3
  1  2  3
161  1  2
  1  2
162  2 12
  1  2  3  4  5  6  7  8  9 10 11 12
  2  1  4  3  5  7  6  8 10  9 11 12
163  2  9
  1  2  3  4  5  6  7  8  9
  1  2  4  3  5  6  7  8  9
164  2 10
  1  2  3  4  5  6  7  8  9 10
  2  1  3  4  6  5  8  7  9 10
165  1  7
  1  2  3  4  5  6  7
166  2  9
  1  2  3  4  5  6  7  8  9
  2  1  3  5  4  7  6  8  9
167  1  6
  1  2  3  4  5  6
168  1  4
  1  2  3  4
169  1  1
  1
170  1  1
  1
171  1  3
  1  2  3
172  1  3
  1  2  3
173  1  3
  1  2  3
174 12 12
  1  2  3  4  5  6  7  8  9 10 11 12
  5  6  1  2  3  4  9  7  8 10 11 12
  3  4  5  6  1  2  8  9  7 10 11 12
  2  1  4  3  6  5  7  8  9 11 10 12
  6  5  2  1  4  3  9  7  8 11 10 12
  4  3  6  5  2  1  8  9  7 11 10 12
  1  2  5  6  3  4  7  9  8 10 11 12
  5  6  3  4  1  2  9  8  7 10 11 12
  3  4  1  2  5  6  8  7  9 10 11 12
  2  1  6  5  4  3  7  9  8 11 10 12
  6  5  4  3  2  1  9  8  7 11 10 12
  4  3  2  1  6  5  8  7  9 11 10 12
175  2 12
  1  2  3  4  5  6  7  8  9 10 11 12
  2  1  4  3  5  7  6  8  9 11 10 12
176  2  9
  1  2  3  4  5  6  7  8  9
  1  2  4  3  5  6  7  8  9
177  2 14
  1  2  3  4  5  6  7  8  9 10 11 12 13 14
  2  1  4  3  5  7  6  8  9 11 10 13 12 14
178  1  3
  1  2  3
179  1  3
  1  2  3
180  2 11
  1  2  3  4  5  6  7  8  9 10 11
  2  1  4  3  5  6  8  7 10  9 11
181  2 11
  1  2  3  4  5  6  7  8  9 10 11
  2  1  4  3  5  6  8  7 10  9 11
182  2  9
  1  2  3  4  5  6  7  8  9
  1  2  4  3  5  6  7  8  9
183  1  6
  1  2  3  4  5  6
184  1  4
  1  2  3  4
185  1  4
  1  2  3  4
186  1  4
  1  2  3  4
187 12 15
  1  2  3  4  5  6  7  8  9 10 11 12 13 14 15
  5  6  1  2  3  4  9  7  8 10 11 12 13 14 15
  3  4  5  6  1  2  8  9  7 10 11 12 13 14 15
  2  1  4  3  6  5  7  8  9 11 10 13 12 14 15
  6  5  2  1  4  3  9  7  8 11 10 13 12 14 15
  4  3  6  5  2  1  8  9  7 11 10 13 12 14 15
  1  2  5  6  3  4  7  9  8 10 11 12 13 14 15
  5  6  3  4  1  2  9  8  7 10 11 12 13 14 15
  3  4  1  2  5  6  8  7  9 10 11 12 13 14 15
  2  1  6  5  4  3  7  9  8 11 10 13 12 14 15
  6  5  4  3  2  1  9  8  7 11 10 13 12 14 15
  4  3  2  1  6  5  8  7  9 11 10 13 12 14 15
188  6 12
  1  2  3  4  5  6  7  8  9 10 11 12
  5  6  1  2  3  4  9  7  8 10 11 12
  3  4  5  6  1  2  8  9  7 10 11 12
  1  2  5  6  3  4  7  9  8 10 11 12
  5  6  3  4  1  2  9  8  7 10 11 12
  3  4  1  2  5  6  8  7  9 10 11 12
189  2 12
  1  2  3  4  5  6  7  8  9 10 11 12
  2  1  4  3  5  7  6  8  9 11 10 12
190  2  9
  1  2  3  4  5  6  7  8  9
  1  2  4  3  5  6  7  8  9
191  2 18
  1  2  3  4  5  6  7  8  9 10 11 12 13 14 15 16 17 18
  2  1  4  3  5  7  6  8  9 11 10 13 12 14 15 17 16 18
192  1 13
  1  2  3  4  5  6  7  8  9 10 11 12 13
193  1 12
  1  2  3  4  5  6  7  8  9 10 11 12
194  2 12
  1  2  3  4  5  6  7  8  9 10 11 12
  1  2  4  3  5  6  7  8  9 10 11 12
195  4 10
  1  2  3  4  5  6  7  8  9 10
  2  1  4  3  5  9  8  7  6 10
  1  2  3  4  5  6  8  7  9 10
  2  1  4  3  5  9  7  8  6 10
196  8  8
  1  2  3  4  5  6  7  8
  3  4  2  1  5  7  6  8
  2  1  4  3  5  6  7  8
  4  3  1  2  5  7  6  8
  1  2  4  3  5  6  7  8
  3  4  1  2  5  7  6  8
  2  1  3  4  5  6  7  8
  4  3  2  1  5  7  6  8
197  1  6
  1  2  3  4  5  6
198  1  2
  1  2
199  1  3
  1  2  3
200  4 12
  1  2  3  4  5  6  7  8  9 10 11 12
  2  1  4  3  8  7  6  5  9 11 10 12
  1  2  3  4  5  7  6  8  9 10 11 12
  2  1  4  3  8  6  7  5  9 11 10 12
201  2  8
  1  2  3  4  5  6  7  8
  1  3  2  4  5  6  7  8
202  2  9
  1  2  3  4  5  6  7  8  9
  2  1  3  4  5  6  7  8  9
203  2  7
  1  2  3  4  5  6  7
  2  1  4  3  5  6  7
204  1  8
  1  2  3  4  5  6  7  8
205  2  4
  1  2  3  4
  2  1  3  4
206  2  5
  1  2  3  4  5
  2  1  3  4  5
207  2 11
  1  2  3  4  5  6  7  8  9 10 11
  2  1  4  3  6  5  7  8 10  9 11
208  4 13
  1  2  3  4  5  6  7  8  9 10 11 12 13
  1  3  2  4  6  5  7  8 10  9 12 11 13
  1  3  2  4  5  6  7  8  9 10 12 11 13
  1  2  3  4  6  5  7  8 10  9 11 12 13
209  2 10
  1  2  3  4  5  6  7  8  9 10
  2  1  3  4  5  6  8  7  9 10
210  2  8
  1  2  3  4  5  6  7  8
  2  1  4  3  5  6  7  8
211  1 10
  1  2  3  4  5  6  7  8  9 10
212  2  5
  1  2  3  4  5
  2  1  3  4  5
213  2  5
  1  2  3  4  5
  2  1  3  4  5
214  2  9
  1  2  3  4  5  6  7  8  9
  2  1  4  3  5  6  8  7  9
215  2 10
  1  2  3  4  5  6  7  8  9 10
  2  1  4  3  5  7  6  8  9 10
216  8  9
  1  2  3  4  5  6  7  8  9
  3  4  2  1  5  7  6  8  9
  2  1  4  3  5  6  7  8  9
  4  3  1  2  5  7  6  8  9
  1  2  4  3  5  6  7  8  9
  3  4  1  2  5  7  6  8  9
  2  1  3  4  5  6  7  8  9
  4  3  2  1  5  7  6  8  9
217  1  8
  1  2  3  4  5  6  7  8
218  2  9
  1  2  3  4  5  6  7  8  9
  1  2  4  3  5  6  8  7  9
219  2  8
  1  2  3  4  5  6  7  8
  2  1  4  3  5  7  6  8
220  2  5
  1  2  3  4  5
  2  1  3  4  5
221  2 14
  1  2  3  4  5  6  7  8  9 10 11 12 13 14
  2  1  4  3  6  5  7  8 10  9 12 11 13 14
222  1  9
  1  2  3  4  5  6  7  8  9
223  2 12
  1  2  3  4  5  6  7  8  9 10 11 12
  1  2  4  3  5  6  8  7  9 10 11 12
224  2 12
  1  2  3  4  5  6  7  8  9 10 11 12
  1  3  2  4  5  6  7  8 10  9 11 12
225  2 12
  1  2  3  4  5  6  7  8  9 10 11 12
  2  1  3  4  5  6  7  9  8 10 11 12
226  1 10
  1  2  3  4  5  6  7  8  9 10
227  2  9
  1  2  3  4  5  6  7  8  9
  2  1  4  3  5  6  7  8  9
228  1  8
  1  2  3  4  5  6  7  8
229  1 12
  1  2  3  4  5  6  7  8  9 10 11 12
230  1  8
  1  2  3  4  5  6  7  8
